5 88 95 106 108 152
5 88 93 106 144 146
4 88 95 106 108
3 88 106 108
3 88 106 108
4 106 108 133 152
2 106 157
4 88 106 108 146
6 88 93 106 108 146 157
3 88 106 146
3 48 106 108
4 88 106 146 194
3 98 106 152
5 48 88 106 144 157
3 98 106 157
4 16 106 108 157
3 88 106 108
4 88 106 133 157
4 88 106 108 146
2 106 171
3 106 108 157
4 106 108 144 157
4 106 108 146 152
5 43 93 106 108 146
5 106 108 144 146 157
3 88 106 108
6 48 93 106 108 133 171
2 106 132
3 16 88 106
3 93 106 133
4 88 106 108 189
3 106 144 146
4 51 88 106 157
4 88 106 108 157
4 88 106 133 152
3 88 106 133
5 73 106 108 144 146
5 88 98 106 144 157
3 106 108 171
4 88 106 157 171
6 88 106 108 132 146 171
2 106 152
4 16 88 106 157
3 100 106 108
3 106 132 146
5 88 106 108 132 146
3 106 108 146
3 88 106 108
3 14 106 146
4 88 95 106 108
4 88 106 144 171
5 88 93 106 146 197
3 88 106 108
3 88 106 146
4 88 106 108 171
4 88 106 108 152
3 93 106 108
2 106 144
3 93 106 144
3 16 106 108
2 88 106
5 56 88 106 108 144
4 88 106 108 144
1 106
4 93 106 108 152
2 106 108
3 93 106 108
4 93 106 108 146
6 14 63 88 106 108 152
1 106
6 98 106 108 152 157 171
2 106 108
2 106 146
2 88 106
8 88 106 108 133 146 152 157 171
3 93 106 152
3 106 132 152
5 16 88 106 108 146
1 106
3 16 106 108
6 88 106 108 146 152 171
4 106 108 144 157
2 16 106
2 106 108
5 88 106 108 152 157
5 16 88 106 146 167
4 93 106 108 146
2 106 108
3 16 88 106
2 88 106
3 88 106 108
5 14 88 93 106 157
4 88 106 133 146
3 88 106 133
5 88 98 106 132 146
4 93 106 108 146
2 106 146
3 88 106 108
4 106 108 144 171
4 106 108 171 197
6 88 106 132 146 152 157
4 106 108 144 157
3 88 106 108
5 88 106 144 157 197
4 66 88 106 157
2 106 108
5 88 106 108 146 157
4 88 106 152 171
2 88 106
2 106 146
5 43 106 108 132 152
4 106 108 152 157
4 106 108 146 157
3 14 106 108
3 88 106 157
3 106 133 146
2 106 133
2 88 106
4 88 106 157 171
1 106
2 106 157
5 16 88 106 108 146
3 88 106 108
3 88 106 152
6 88 95 106 152 157 171
3 88 93 106
4 16 88 106 108
6 16 88 106 133 152 157
1 106
7 88 106 108 144 146 152 157
2 88 106
3 88 106 108
3 53 88 106
4 106 108 164 171
1 106
4 88 106 108 152
4 88 95 106 157
6 88 106 108 133 146 152
5 88 106 108 167 171
4 106 108 146 152
5 88 106 108 133 152
4 98 106 144 152
4 16 106 146 171
4 16 106 108 157
4 88 106 108 146
1 106
3 88 106 152
4 88 106 144 167
1 106
3 88 106 108
5 88 106 133 157 171
3 16 106 157
6 14 106 108 146 152 171
6 88 95 106 144 146 157
3 88 106 108
4 106 108 146 157
2 88 106
3 106 108 171
7 88 95 106 108 152 171 177
3 88 106 108
4 106 108 152 171
4 88 95 106 146
2 93 106
6 56 88 106 108 144 157
4 4 106 146 152
2 106 171
4 106 108 152 157
5 61 106 108 133 157
4 88 106 108 171
3 16 106 108
3 106 144 146
7 14 95 98 106 108 144 146
3 106 152 171
5 88 106 108 144 152
5 106 144 152 157 171
3 88 106 152
4 26 88 106 108
5 16 88 106 132 146
4 16 88 106 146
5 16 106 108 144 171
4 88 106 108 152
1 106
2 88 106
4 106 108 144 171
7 88 93 106 133 144 152 157
7 16 88 106 108 133 152 157
1 106
3 88 106 108
1 106
6 88 106 133 152 157 167
5 56 93 106 146 167
3 88 106 133
4 88 106 108 152
2 106 171
3 106 108 157
4 88 93 106 152
2 106 133
3 88 106 171
7 93 98 106 108 132 157 167
2 106 146
