1 195
2 66 104
2 27 71
2 2 169
1 179
1 53
1 35
5 10 43 66 109 193
3 15 149 171
1 67
8 1 11 50 57 71 79 82 151
6 9 28 100 129 133 146
5 4 28 41 97 125
3 15 57 123
3 66 110 144
1 188
5 55 72 108 115 176
4 1 10 44 149
1 155
6 16 42 61 93 112 118
3 2 28 44
5 2 14 23 44 192
2 36 124
4 29 30 118 130
4 43 78 89 199
2 26 140
6 36 49 129 164 168 180
2 0 16
5 20 28 74 118 196
7 15 63 69 133 145 168 174
4 56 117 124 173
3 4 127 198
3 65 74 84
2 149 173
2 12 119
5 13 48 112 125 192
3 9 24 99
2 59 74
3 0 67 133
1 193
2 13 107
5 27 41 145 153 191
2 44 167
2 104 166
1 132
3 87 166 193
2 51 148
1 28
1 158
3 27 42 121
5 6 43 47 105 178
1 40
2 52 176
3 0 126 177
3 36 112 191
3 7 110 155
3 157 169 198
4 24 48 94 138
3 30 111 141
1 127
2 4 30
2 75 167
4 32 47 61 105
5 9 33 102 185 188
1 114
1 98
2 69 76
3 33 95 127
6 36 44 48 68 84 146
2 61 70
2 34 182
2 90 156
7 23 32 59 69 91 94 153
2 69 111
2 42 190
6 59 93 111 159 165 171
4 55 98 135 154
2 16 194
2 67 172
3 63 111 118
2 120 192
6 68 101 154 158 193 198
2 36 51
5 2 64 80 87 102
3 19 83 118
2 4 88
6 7 32 67 90 135 144
4 12 82 118 136
5 3 62 106 135 159
3 25 80 124
6 75 100 103 133 168 199
2 138 150
4 17 118 133 189
3 88 122 159
1 163
3 49 67 84
1 109
2 33 173
6 24 25 70 97 130 187
3 18 110 145
2 4 194
4 46 69 75 96
3 53 85 152
5 6 30 33 52 113
1 48
2 5 88
1 102
4 70 79 133 141
2 105 126
2 137 141
7 58 67 73 96 98 180 198
4 21 22 32 38
5 10 32 48 111 115
1 149
1 37
3 30 113 179
1 104
5 66 75 142 151 158
6 18 78 84 99 122 131
5 76 95 96 153 172
1 162
3 100 113 155
1 184
3 71 75 109
3 46 112 166
8 2 15 61 90 117 168 183 194
4 5 38 52 198
3 72 82 166
1 99
2 94 121
3 18 20 57
3 22 109 133
2 141 187
4 3 13 78 107
3 28 32 62
2 93 190
3 18 67 103
3 73 103 130
3 8 26 114
2 67 167
2 168 173
1 188
4 37 122 175 199
4 81 87 153 194
3 63 82 175
3 7 37 62
2 132 190
4 88 133 137 173
3 44 52 190
2 25 51
2 114 128
2 40 139
3 17 148 195
10 35 39 40 75 89 92 101 103 124 164
2 40 114
6 36 109 133 139 143 145
4 85 89 94 153
3 83 148 175
2 59 108
2 32 152
4 21 66 130 173
2 18 30
2 40 64
5 0 7 40 41 77
1 47
3 58 103 124
2 26 112
3 14 54 57
5 72 76 125 160 179
1 161
1 190
2 50 74
1 190
5 30 61 93 140 196
2 112 181
1 132
5 3 47 65 76 154
2 49 96
4 61 68 75 127
4 31 137 160 166
5 44 53 99 172 179
3 30 71 99
5 13 82 96 140 194
3 71 115 143
1 167
2 44 114
4 12 29 103 117
2 134 179
4 45 56 130 183
3 1 6 177
4 26 107 137 156
4 19 80 168 181
2 66 178
2 89 113
2 63 125
2 94 120
3 76 80 110
4 29 70 134 164
3 77 109 144
1 183
