1 27
4 40 81 126 146
2 137 162
6 27 33 49 130 144 171
4 27 109 131 141
4 6 27 113 145
5 19 27 91 133 162
4 27 117 154 198
5 2 27 61 124 181
3 27 148 154
3 7 66 183
4 7 75 148 182
1 27
5 27 124 131 150 173
2 33 106
3 118 126 139
1 13
6 19 75 88 118 147 148
1 171
2 27 95
3 25 27 147
1 27
3 0 14 27
3 27 29 130
5 19 27 114 157 189
3 126 131 162
1 160
3 16 75 102
2 49 131
2 109 189
5 47 84 88 131 156
4 45 118 139 148
4 15 27 126 168
2 27 64
3 19 27 35
3 27 39 82
4 4 27 126 162
2 24 187
4 95 120 162 186
1 189
4 27 49 131 145
4 48 77 126 186
2 27 126
4 37 69 90 162
3 27 104 130
3 27 33 49
2 29 162
2 58 118
3 27 162 191
6 27 107 113 139 154 186
5 7 19 53 157 162
3 27 131 187
3 67 154 183
7 19 27 82 130 139 190 198
4 14 27 157 171
3 27 36 130
1 131
1 27
1 27
5 27 109 130 165 190
5 19 32 46 69 131
2 146 167
1 112
1 162
2 27 48
4 27 71 75 96
1 43
2 45 168
3 26 27 171
1 9
4 27 76 81 131
4 7 27 43 105
4 27 33 85 145
2 27 148
6 19 27 55 145 154 157
4 27 102 112 189
2 27 34
1 48
2 5 27
2 27 66
5 27 50 101 133 157
6 34 50 130 133 148 186
1 28
1 27
2 27 89
1 27
2 27 162
5 20 27 105 118 183
2 27 189
2 27 75
5 27 48 146 148 149
3 27 86 157
1 27
2 48 154
6 13 27 48 67 170 171
3 27 131 148
5 33 69 102 130 162
1 138
2 133 186
2 60 131
3 27 94 148
2 27 171
3 27 131 148
1 131
2 27 114
4 50 72 131 136
4 27 89 131 186
3 7 27 130
1 31
3 27 126 162
2 27 86
2 4 27
1 75
7 16 27 121 131 133 165 186
2 5 27
4 27 116 122 189
4 27 124 181 184
1 48
3 19 27 69
7 27 37 48 75 145 171 197
2 27 189
4 7 33 126 149
1 49
4 114 148 157 171
4 27 84 100 125
4 27 49 120 189
3 27 82 127
2 27 72
5 4 27 59 75 131
2 27 123
3 27 29 173
5 23 27 49 69 162
4 27 92 131 162
4 94 112 148 180
6 27 71 84 93 149 181
1 6
4 27 54 118 131
2 19 185
2 111 127
2 18 154
4 10 27 94 183
2 95 146
1 27
2 19 146
5 27 114 118 124 133
1 157
2 133 146
6 19 27 33 116 131 189
4 9 27 131 139
5 27 36 71 171 199
5 27 28 37 71 137
2 89 162
2 19 27
4 48 128 149 171
3 114 126 148
4 27 111 123 157
5 0 7 27 113 168
3 19 27 154
2 27 130
6 19 27 89 114 130 183
5 19 40 97 106 165
1 25
3 27 78 157
5 27 45 124 125 162
2 19 49
5 19 27 69 165 192
3 27 37 198
3 18 27 69
1 132
2 162 169
1 27
4 11 86 147 162
3 19 27 149
3 27 149 191
2 133 153
4 14 27 31 157
3 5 27 74
2 27 154
2 107 131
2 49 54
5 27 38 76 130 162
1 126
4 1 19 27 157
2 27 196
2 114 182
4 27 32 78 130
3 27 131 146
2 133 139
2 126 131
2 19 27
5 126 128 131 150 189
5 0 18 27 62 162
3 27 67 130
6 2 27 116 118 130 133
3 25 27 71
4 58 77 131 162
2 27 93
6 7 27 37 118 133 162
5 19 27 105 118 157
4 25 69 126 162
